a	b	ida	idb	nSites	J9	J8	J7	J6	J5	J4	J3	J2	J1	rab	Fa	Fb	theta	inbred_relatedness_1_2	inbred_relatedness_2_1	fraternity	identity	zygosity	2of3_IDB	F_diff_a_b	loglh	nIter	bestoptimll	coverage	2dsfs	R0	R1	KING	2dsfs_loglike	2dsfsf_niter
0	1	s10	s11	13014287	1.000000	0.000000	0.000000	0.000000	0.000000	0.000000	0.000000	0.000000	0.000000	0.000004	0.000001	0.000001	0.000003	0.000001	0.000001	0.000000	0.000001	0.000001	0.000004	-0.000000	-16023853.057378	62	-16023860.964568	0.994273	4.968612e-01,1.585594e-01,1.835785e-02,1.745781e-01,1.001528e-01,1.500519e-02,1.806817e-02,1.475274e-02,3.664570e-03	0.363705	0.250807	0.048474	-19141994.520768	6
0	2	s10	s12	13013502	1.000000	0.000000	0.000000	0.000000	0.000000	0.000000	0.000000	0.000000	0.000000	0.000002	0.000001	0.000001	0.000001	0.000001	0.000001	0.000000	0.000001	0.000001	0.000002	-0.000000	-16041799.149363	62	-16041803.052054	0.994213	4.961239e-01,1.594314e-01,1.822141e-02,1.744388e-01,1.001176e-01,1.519792e-02,1.797542e-02,1.480511e-02,3.688480e-03	0.361543	0.250250	0.049146	-19153544.025652	6
0	3	s10	s16	13013055	1.000000	0.000000	0.000000	0.000000	0.000000	0.000000	0.000000	0.000000	0.000000	0.000005	0.000002	0.000002	0.000003	0.000002	0.000002	0.000000	0.000002	0.000002	0.000005	0.000000	-16021315.630354	45	-16021324.693442	0.994179	4.967940e-01,1.586028e-01,1.839193e-02,1.741584e-01,1.004285e-01,1.514131e-02,1.804390e-02,1.472751e-02,3.711528e-03	0.362804	0.251659	0.048904	-19149263.743100	6
0	4	s10	s17	13016962	1.000000	0.000000	0.000000	0.000000	0.000000	0.000000	0.000000	0.000000	0.000000	0.000006	0.000000	0.000000	0.000003	0.000000	0.000000	0.000000	0.000000	0.000000	0.000006	-0.000000	-16198565.125446	46	-16198572.697092	0.994478	4.946949e-01,1.611273e-01,1.779338e-02,1.609500e-01,1.129502e-01,1.598124e-02,1.764380e-02,1.484409e-02,4.015136e-03	0.313742	0.290854	0.072695	-19276751.474090	6
0	5	s10	s4	13016140	1.000000	0.000000	0.000000	0.000000	0.000000	0.000000	0.000000	0.000000	0.000000	0.000008	0.000002	0.000002	0.000005	0.000002	0.000002	0.000001	0.000002	0.000003	0.000008	-0.000000	-16142841.336189	51	-16142853.705548	0.994415	4.947151e-01,1.607330e-01,1.819482e-02,1.620934e-01,1.126487e-01,1.513100e-02,1.792283e-02,1.484850e-02,3.712674e-03	0.320622	0.289642	0.069907	-19252686.736441	6
0	6	s10	s5	13015137	1.000000	0.000000	0.000000	0.000000	0.000000	0.000000	0.000000	0.000000	0.000000	0.000014	0.000002	0.000002	0.000008	0.000002	0.000002	0.000009	0.000002	0.000011	0.000014	-0.000000	-16122873.550870	59	-16122885.089186	0.994338	5.011438e-01,1.548333e-01,1.763289e-02,1.576135e-01,1.163721e-01,1.589217e-02,1.681023e-02,1.541384e-02,4.288123e-03	0.295974	0.307703	0.082370	-19191611.369725	6
0	7	s10	s6	13014429	1.000000	0.000000	0.000000	0.000000	0.000000	0.000000	0.000000	0.000000	0.000000	0.000005	0.000001	0.000001	0.000003	0.000001	0.000001	0.000000	0.000001	0.000001	0.000005	-0.000000	-16156842.979006	58	-16156850.444508	0.994284	4.934849e-01,1.619280e-01,1.821340e-02,1.620192e-01,1.127907e-01,1.506993e-02,1.799139e-02,1.477364e-02,3.728855e-03	0.320991	0.289210	0.069698	-19268216.306632	6
0	8	s10	s8	13014370	1.000000	0.000000	0.000000	0.000000	0.000000	0.000000	0.000000	0.000000	0.000000	0.000003	0.000001	0.000001	0.000002	0.000001	0.000001	0.000000	0.000001	0.000001	0.000003	-0.000000	-16037485.086825	70	-16037489.925193	0.994280	4.967481e-01,1.588180e-01,1.820372e-02,1.753089e-01,9.922442e-02,1.518369e-02,1.797464e-02,1.479451e-02,3.744048e-03	0.364611	0.247885	0.047760	-19140430.888248	6
0	9	s10	s9	13013785	1.000000	0.000000	0.000000	0.000000	0.000000	0.000000	0.000000	0.000000	0.000000	0.000003	0.000002	0.000002	0.000003	0.000002	0.000002	0.000000	0.000002	0.000002	0.000003	-0.000000	-16027799.936338	58	-16027807.374233	0.994235	4.972599e-01,1.580076e-01,1.851186e-02,1.740737e-01,1.004179e-01,1.524604e-02,1.795766e-02,1.477186e-02,3.753458e-03	0.363178	0.251946	0.048814	-19149957.274655	6
1	2	s11	s12	13017807	1.000000	0.000000	0.000000	0.000000	0.000000	0.000000	0.000000	0.000000	0.000000	0.000001	0.000000	0.000000	0.000000	0.000000	0.000000	0.000000	0.000000	0.000000	0.000001	-0.000000	-15951817.967597	58	-15951818.826565	0.994542	5.121014e-01,1.590483e-01,1.834273e-02,1.582160e-01,1.002378e-01,1.504604e-02,1.818965e-02,1.510264e-02,3.715369e-03	0.364457	0.261073	0.049596	-18938665.816734	6
1	3	s11	s16	13016380	1.000000	0.000000	0.000000	0.000000	0.000000	0.000000	0.000000	0.000000	0.000000	0.000004	0.000001	0.000001	0.000003	0.000001	0.000001	0.000000	0.000001	0.000001	0.000004	0.000000	-15928843.861886	58	-15928849.959322	0.994433	5.119911e-01,1.590950e-01,1.839339e-02,1.587708e-01,9.963439e-02,1.510308e-02,1.820131e-02,1.507606e-02,3.734929e-03	0.367290	0.259033	0.048318	-18937962.593999	6
1	4	s11	s17	13019370	1.000000	0.000000	0.000000	0.000000	0.000000	0.000000	0.000000	0.000000	0.000000	0.000002	0.000000	0.000000	0.000001	0.000000	0.000000	0.000000	0.000000	0.000000	0.000002	0.000000	-16108873.872170	46	-16108876.707939	0.994662	4.962252e-01,1.745475e-01,1.872849e-02,1.587974e-01,9.937513e-02,1.528781e-02,1.832831e-02,1.493951e-02,3.770587e-03	0.372898	0.248048	0.044924	-19189502.339253	6
1	5	s11	s4	13019000	1.000000	0.000000	0.000000	0.000000	0.000000	0.000000	0.000000	0.000000	0.000000	0.000005	0.000001	0.000001	0.000003	0.000000	0.000000	0.000000	0.000000	0.000000	0.000006	-0.000000	-16053379.760298	82	-16053389.307839	0.994634	4.982784e-01,1.730683e-01,1.814557e-02,1.583727e-01,9.998333e-02,1.512088e-02,1.817672e-02,1.508943e-02,3.764730e-03	0.363283	0.251231	0.048679	-19142494.264020	6
1	6	s11	s5	13017470	1.000000	0.000000	0.000000	0.000000	0.000000	0.000000	0.000000	0.000000	0.000000	0.000005	0.000002	0.000002	0.000003	0.000002	0.000002	0.000000	0.000002	0.000002	0.000005	0.000000	-16032615.829292	54	-16032625.559861	0.994517	4.984118e-01,1.722075e-01,1.887223e-02,1.589700e-01,9.937658e-02,1.513104e-02,1.829467e-02,1.494295e-02,3.793320e-03	0.374001	0.249428	0.044719	-19156601.493757	6
1	7	s11	s6	13017302	1.000000	0.000000	0.000000	0.000000	0.000000	0.000000	0.000000	0.000000	0.000000	0.000002	0.000001	0.000001	0.000002	0.000001	0.000001	0.000000	0.000001	0.000001	0.000002	0.000000	-16067266.091736	62	-16067270.624702	0.994504	4.967494e-01,1.745007e-01,1.825070e-02,1.585387e-01,9.987601e-02,1.506685e-02,1.832462e-02,1.500181e-02,3.691255e-03	0.366207	0.249888	0.047481	-19160321.800426	6
1	8	s11	s8	13017859	1.000000	0.000000	0.000000	0.000000	0.000000	0.000000	0.000000	0.000000	0.000000	0.000008	0.000002	0.000002	0.000005	0.000002	0.000002	0.000000	0.000002	0.000002	0.000008	-0.000000	-15945753.991500	63	-15945765.094665	0.994546	5.135941e-01,1.578321e-01,1.807670e-02,1.583844e-01,9.990236e-02,1.518808e-02,1.798573e-02,1.517184e-02,3.864632e-03	0.360977	0.261088	0.050839	-18914069.003897	6
1	9	s11	s9	13018012	1.000000	0.000000	0.000000	0.000000	0.000000	0.000000	0.000000	0.000000	0.000000	0.000004	0.000001	0.000001	0.000002	0.000001	0.000001	0.000000	0.000001	0.000001	0.000004	-0.000000	-15937613.548073	58	-15937618.761218	0.994558	5.132018e-01,1.578902e-01,1.839319e-02,1.579764e-01,1.002243e-01,1.530098e-02,1.808428e-02,1.510344e-02,3.825413e-03	0.363958	0.261854	0.049878	-18932539.476030	6
2	3	s12	s16	13016246	1.000000	0.000000	0.000000	0.000000	0.000000	0.000000	0.000000	0.000000	0.000000	0.000003	0.000002	0.000002	0.000003	0.000002	0.000002	0.000000	0.000002	0.000002	0.000003	0.000000	-15948394.905864	54	-15948401.274759	0.994423	5.118015e-01,1.584274e-01,1.828025e-02,1.589734e-01,1.002763e-01,1.513638e-02,1.819732e-02,1.509507e-02,3.812434e-03	0.363771	0.261061	0.049839	-18946556.034484	6
2	4	s12	s17	13018638	1.000000	0.000000	0.000000	0.000000	0.000000	0.000000	0.000000	0.000000	0.000000	0.000003	0.000003	0.000002	0.000002	0.000001	0.000001	0.000001	0.000000	0.000002	0.000005	-0.000000	-16127573.070430	74	-16127581.267549	0.994606	4.955275e-01,1.744140e-01,1.858086e-02,1.596443e-01,9.942403e-02,1.529192e-02,1.819229e-02,1.501973e-02,3.905420e-03	0.369862	0.247852	0.045946	-19200323.263777	6
2	5	s12	s4	13018332	1.000000	0.000000	0.000000	0.000000	0.000000	0.000000	0.000000	0.000000	0.000000	0.000003	0.000001	0.000001	0.000002	0.000001	0.000001	0.000000	0.000001	0.000001	0.000003	0.000000	-16071459.518601	50	-16071466.072950	0.994582	4.973819e-01,1.730011e-01,1.814199e-02,1.591849e-01,1.000516e-01,1.513415e-02,1.826298e-02,1.509634e-02,3.745118e-03	0.363862	0.250868	0.048428	-19156830.279362	6
2	6	s12	s5	13016682	1.000000	0.000000	0.000000	0.000000	0.000000	0.000000	0.000000	0.000000	0.000000	0.000004	0.000001	0.000001	0.000002	0.000001	0.000001	0.000000	0.000001	0.000001	0.000004	0.000000	-16051687.540775	46	-16051694.480972	0.994456	4.976079e-01,1.720822e-01,1.883063e-02,1.597640e-01,9.941086e-02,1.518837e-02,1.831498e-02,1.502690e-02,3.774106e-03	0.373657	0.249021	0.044786	-19170940.354623	6
2	7	s12	s6	13016770	1.000000	0.000000	0.000000	0.000000	0.000000	0.000000	0.000000	0.000000	0.000000	0.000002	0.000001	0.000001	0.000002	0.000001	0.000001	0.000000	0.000001	0.000001	0.000002	0.000000	-16085448.983156	38	-16085453.534465	0.994463	4.966048e-01,1.738469e-01,1.806818e-02,1.587622e-01,1.004771e-01,1.512457e-02,1.825062e-02,1.505410e-02,3.811527e-03	0.361463	0.251755	0.049383	-19167102.686051	6
2	8	s12	s8	13017289	1.000000	0.000000	0.000000	0.000000	0.000000	0.000000	0.000000	0.000000	0.000000	0.000007	0.000001	0.000001	0.000004	0.000001	0.000001	0.000000	0.000001	0.000001	0.000007	-0.000000	-15964107.535554	50	-15964116.652169	0.994503	5.119107e-01,1.583564e-01,1.825837e-02,1.597885e-01,9.950381e-02,1.507223e-02,1.824526e-02,1.507958e-02,3.785142e-03	0.366857	0.258586	0.048413	-18938175.402970	6
2	9	s12	s9	13017376	1.000000	0.000000	0.000000	0.000000	0.000000	0.000000	0.000000	0.000000	0.000000	0.000004	0.000001	0.000001	0.000002	0.000001	0.000001	0.000000	0.000001	0.000001	0.000004	-0.000000	-15956326.546755	50	-15956332.228616	0.994509	5.119344e-01,1.580795e-01,1.847420e-02,1.591920e-01,9.996207e-02,1.524636e-02,1.813855e-02,1.517819e-02,3.794618e-03	0.366266	0.260109	0.048823	-18951983.121736	6
3	4	s16	s17	13018023	1.000000	0.000000	0.000000	0.000000	0.000000	0.000000	0.000000	0.000000	0.000000	0.000003	0.000001	0.000001	0.000002	0.000001	0.000001	0.000000	0.000001	0.000001	0.000003	0.000000	-16105719.128726	50	-16105724.270237	0.994559	4.963938e-01,1.739977e-01,1.858406e-02,1.585864e-01,9.977479e-02,1.540780e-02,1.836912e-02,1.509171e-02,3.794677e-03	0.370366	0.249414	0.045977	-19194374.280953	6
3	5	s16	s4	13017456	1.000000	0.000000	0.000000	0.000000	0.000000	0.000000	0.000000	0.000000	0.000000	0.000003	0.000002	0.000002	0.000002	0.000002	0.000002	0.000000	0.000002	0.000002	0.000003	0.000000	-16049813.879017	46	-16049819.971669	0.994516	4.977049e-01,1.731162e-01,1.816187e-02,1.587389e-01,9.997285e-02,1.506457e-02,1.839952e-02,1.503538e-02,3.805839e-03	0.365713	0.250863	0.047784	-19153941.098710	6
3	6	s16	s5	13016269	1.000000	0.000000	0.000000	0.000000	0.000000	0.000000	0.000000	0.000000	0.000000	0.000003	0.000001	0.000001	0.000002	0.000001	0.000001	0.000000	0.000001	0.000001	0.000004	0.000000	-16029427.032423	42	-16029433.069898	0.994425	4.982978e-01,1.717991e-01,1.888944e-02,1.589081e-01,9.966837e-02,1.519671e-02,1.849876e-02,1.503132e-02,3.710305e-03	0.375126	0.250220	0.044428	-19165457.179992	6
3	7	s16	s6	13015926	1.000000	0.000000	0.000000	0.000000	0.000000	0.000000	0.000000	0.000000	0.000000	0.000005	0.000001	0.000001	0.000003	0.000001	0.000001	0.000000	0.000001	0.000001	0.000005	0.000000	-16064102.359552	42	-16064109.905889	0.994399	4.990205e-01,1.722141e-01,1.775685e-02,1.568283e-01,1.016692e-01,1.527563e-02,1.779124e-02,1.547066e-02,3.973532e-03	0.349645	0.257171	0.054291	-19142985.551305	6
3	8	s16	s8	13016426	1.000000	0.000000	0.000000	0.000000	0.000000	0.000000	0.000000	0.000000	0.000000	0.000001	0.000000	0.000000	0.000000	0.000000	0.000000	0.000000	0.000000	0.000000	0.000001	-0.000000	-15942449.674462	54	-15942450.698406	0.994437	5.121773e-01,1.585307e-01,1.827699e-02,1.594862e-01,9.923983e-02,1.504760e-02,1.829453e-02,1.515528e-02,3.791689e-03	0.368517	0.257906	0.047735	-18935195.959189	6
3	9	s16	s9	13016315	1.000000	0.000000	0.000000	0.000000	0.000000	0.000000	0.000000	0.000000	0.000000	0.000002	0.000000	0.000000	0.000001	0.000000	0.000000	0.000000	0.000000	0.000000	0.000002	-0.000000	-15934076.784956	54	-15934079.475358	0.994428	5.122330e-01,1.581292e-01,1.859011e-02,1.586131e-01,1.000140e-01,1.518271e-02,1.841606e-02,1.507171e-02,3.750146e-03	0.370010	0.260451	0.047533	-18949734.334800	6
4	5	s17	s4	13021356	1.000000	0.000000	0.000000	0.000000	0.000000	0.000000	0.000000	0.000000	0.000000	0.000003	0.000000	0.000000	0.000002	0.000000	0.000000	0.000000	0.000000	0.000001	0.000003	0.000000	-16228371.759774	54	-16228376.082542	0.994814	4.944827e-01,1.605479e-01,1.823817e-02,1.613900e-01,1.124823e-01,1.506055e-02,1.881174e-02,1.523419e-02,3.752444e-03	0.329384	0.288948	0.066498	-19299447.795063	6
4	6	s17	s5	13019727	1.000000	0.000000	0.000000	0.000000	0.000000	0.000000	0.000000	0.000000	0.000000	0.000004	0.000001	0.000001	0.000002	0.000001	0.000001	0.000001	0.000001	0.000001	0.000004	-0.000000	-16207156.713499	62	-16207162.471859	0.994689	4.945257e-01,1.596234e-01,1.911433e-02,1.619843e-01,1.119807e-01,1.496831e-02,1.905587e-02,1.502332e-02,3.724100e-03	0.340864	0.287300	0.061923	-19314800.535085	6
4	7	s17	s6	13019863	1.000000	0.000000	0.000000	0.000000	0.000000	0.000000	0.000000	0.000000	0.000000	0.000002	0.000002	0.000002	0.000002	0.000002	0.000002	0.000000	0.000002	0.000002	0.000002	0.000000	-16242279.190834	42	-16242284.610689	0.994699	4.940003e-01,1.610849e-01,1.820638e-02,1.607727e-01,1.130825e-01,1.505271e-02,1.872648e-02,1.530188e-02,3.772063e-03	0.326601	0.290592	0.067805	-19307112.924152	6
4	8	s17	s8	13019331	1.000000	0.000000	0.000000	0.000000	0.000000	0.000000	0.000000	0.000000	0.000000	0.000003	0.000000	0.000000	0.000001	0.000000	0.000000	0.000000	0.000000	0.000000	0.000003	-0.000000	-16121502.170573	58	-16121506.348206	0.994659	4.958080e-01,1.592005e-01,1.836672e-02,1.754326e-01,9.844198e-02,1.496419e-02,1.875016e-02,1.523564e-02,3.800205e-03	0.377043	0.244911	0.043097	-19190244.837930	6
4	9	s17	s9	13019009	1.000000	0.000000	0.000000	0.000000	0.000000	0.000000	0.000000	0.000000	0.000000	0.000001	0.000002	0.000001	0.000001	0.000000	0.000000	0.000001	0.000000	0.000001	0.000002	0.000000	-16113048.708692	66	-16113053.031244	0.994634	4.962023e-01,1.585118e-01,1.864630e-02,1.742536e-01,9.946333e-02,1.513221e-02,1.880930e-02,1.522931e-02,3.751849e-03	0.376577	0.248297	0.043683	-19202691.206960	6
5	6	s4	s5	13019185	1.000000	0.000000	0.000000	0.000000	0.000000	0.000000	0.000000	0.000000	0.000000	0.000006	0.000001	0.000000	0.000003	0.000000	0.000000	0.000000	0.000000	0.000000	0.000006	0.000000	-16151399.990086	58	-16151408.233320	0.994648	4.964081e-01,1.594964e-01,1.880352e-02,1.609988e-01,1.120192e-01,1.522593e-02,1.817238e-02,1.510045e-02,3.775192e-03	0.330085	0.288860	0.066220	-19265905.156925	6
5	7	s4	s6	13019104	1.000000	0.000000	0.000000	0.000000	0.000000	0.000000	0.000000	0.000000	0.000000	0.000002	0.000000	0.000000	0.000001	0.000000	0.000000	0.000000	0.000000	0.000000	0.000002	-0.000000	-16186078.853096	58	-16186082.074761	0.994641	4.945424e-01,1.618887e-01,1.829865e-02,1.607130e-01,1.125365e-01,1.497755e-02,1.825206e-02,1.504639e-02,3.744721e-03	0.324790	0.289166	0.068262	-19272933.191343	6
5	8	s4	s8	13019192	1.000000	0.000000	0.000000	0.000000	0.000000	0.000000	0.000000	0.000000	0.000000	0.000003	0.000002	0.000002	0.000003	0.000002	0.000002	0.000000	0.000002	0.000002	0.000003	-0.000000	-16066588.675011	38	-16066595.538527	0.994648	4.978489e-01,1.586641e-01,1.831463e-02,1.739559e-01,9.909448e-02,1.507254e-02,1.818173e-02,1.512649e-02,3.741249e-03	0.368299	0.248161	0.046527	-19145359.037175	6
5	9	s4	s9	13018604	1.000000	0.000000	0.000000	0.000000	0.000000	0.000000	0.000000	0.000000	0.000000	0.000006	0.000001	0.000001	0.000003	0.000001	0.000001	0.000000	0.000001	0.000001	0.000006	-0.000000	-16056610.766443	54	-16056619.950839	0.994603	4.988937e-01,1.575794e-01,1.838416e-02,1.723021e-01,1.004720e-01,1.533833e-02,1.806921e-02,1.516609e-02,3.794875e-03	0.362821	0.253181	0.049107	-19148510.890153	6
6	7	s5	s6	13017682	1.000000	0.000000	0.000000	0.000000	0.000000	0.000000	0.000000	0.000000	0.000000	0.000003	0.000000	0.000000	0.000002	0.000000	0.000000	0.000000	0.000000	0.000000	0.000003	0.000000	-16165994.254017	66	-16165999.036298	0.994533	4.951356e-01,1.620837e-01,1.835960e-02,1.593535e-01,1.123430e-01,1.493025e-02,1.899471e-02,1.507741e-02,3.722126e-03	0.332502	0.288949	0.065323	-19283111.561948	6
6	8	s5	s8	13017557	1.000000	0.000000	0.000000	0.000000	0.000000	0.000000	0.000000	0.000000	0.000000	0.000005	0.000002	0.000002	0.000003	0.000002	0.000002	0.000000	0.000002	0.000002	0.000005	-0.000000	-16045371.811008	62	-16045381.334661	0.994523	4.981405e-01,1.591489e-01,1.839067e-02,1.729225e-01,9.858260e-02,1.501450e-02,1.891798e-02,1.516221e-02,3.720113e-03	0.378451	0.246730	0.042840	-19157884.669639	6
6	9	s5	s9	13016710	1.000000	0.000000	0.000000	0.000000	0.000000	0.000000	0.000000	0.000000	0.000000	0.000005	0.000002	0.000003	0.000003	0.000002	0.000002	0.000000	0.000002	0.000002	0.000005	-0.000000	-16036835.925622	50	-16036845.793428	0.994459	4.985040e-01,1.585801e-01,1.861667e-02,1.719365e-01,9.941692e-02,1.514719e-02,1.884019e-02,1.520011e-02,3.758285e-03	0.376765	0.249590	0.043779	-19168761.826146	6
7	8	s6	s8	13017221	1.000000	0.000000	0.000000	0.000000	0.000000	0.000000	0.000000	0.000000	0.000000	0.000007	0.000001	0.000002	0.000004	0.000001	0.000001	0.000000	0.000001	0.000001	0.000007	-0.000000	-16080265.565011	47	-16080277.064674	0.994498	4.967799e-01,1.586401e-01,1.820489e-02,1.750206e-01,9.920961e-02,1.512706e-02,1.819385e-02,1.502359e-02,3.800473e-03	0.366887	0.247894	0.046977	-19157120.979616	6
7	9	s6	s9	13016975	1.000000	0.000000	0.000000	0.000000	0.000000	0.000000	0.000000	0.000000	0.000000	0.000001	0.000000	0.000003	0.000000	0.000000	0.000000	0.000000	0.000000	0.000000	0.000002	-0.000002	-16071258.996952	42	-16071263.349031	0.994479	4.969925e-01,1.581156e-01,1.852682e-02,1.740850e-01,1.000361e-01,1.523575e-02,1.818962e-02,1.506060e-02,3.758073e-03	0.367032	0.250583	0.047289	-19170137.556854	6
8	9	s8	s9	13017767	1.000000	0.000000	0.000000	0.000000	0.000000	0.000000	0.000000	0.000000	0.000000	0.000003	0.000000	0.000000	0.000001	0.000000	0.000000	0.000000	0.000000	0.000000	0.000003	-0.000000	-15949957.059549	70	-15949960.521828	0.994539	5.122985e-01,1.591299e-01,1.853243e-02,1.587528e-01,9.896838e-02,1.519903e-02,1.822833e-02,1.510656e-02,3.784052e-03	0.371439	0.257095	0.046595	-18940306.103813	6
