a	b	ida	idb	nSites	J9	J8	J7	J6	J5	J4	J3	J2	J1	rab	Fa	Fb	theta	inbred_relatedness_1_2	inbred_relatedness_2_1	fraternity	identity	zygosity	2of3_IDB	F_diff_a_b	loglh	nIter	bestoptimll	coverage	2dsfs	R0	R1	KING	2dsfs_loglike	2dsfsf_niter
0	1	SRR5423293	SRR5423294	12653218	1.000000	0.000000	0.000000	0.000000	0.000000	0.000000	0.000000	0.000000	0.000000	0.000000	0.000000	0.000014	0.000000	0.000000	0.000000	0.000000	0.000000	0.000000	0.000007	-0.000007	-15685472.066978	78	-15685477.624183	0.993748	5.106018e-01,1.538151e-01,2.374570e-02,1.645175e-01,9.063555e-02,1.762278e-02,2.005027e-02,1.470956e-02,4.301789e-03	0.483210	0.229771	0.005722	-18632234.483387	6
0	2	SRR5423293	SRR5423295	12645830	1.000000	0.000000	0.000000	0.000000	0.000000	0.000000	0.000000	0.000000	0.000000	0.000004	0.000002	0.000002	0.000003	0.000002	0.000002	0.000000	0.000002	0.000002	0.000005	0.000000	-15561082.829583	46	-15561090.610621	0.993167	5.073316e-01,1.618961e-01,1.892415e-02,1.622822e-01,9.481904e-02,1.569114e-02,1.927290e-02,1.578149e-02,4.001427e-03	0.402842	0.240750	0.033789	-18523144.493702	6
0	3	SRR5423293	SRR5423296	12654764	1.000000	0.000000	0.000000	0.000000	0.000000	0.000000	0.000000	0.000000	0.000000	0.000003	0.000000	0.000000	0.000001	0.000000	0.000000	0.000000	0.000000	0.000000	0.000003	0.000000	-15559958.099970	70	-15559961.730902	0.993869	5.073188e-01,1.618716e-01,1.894345e-02,1.615016e-01,9.574299e-02,1.556543e-02,1.924380e-02,1.586369e-02,3.948666e-03	0.398852	0.243627	0.035455	-18535873.712327	6
0	4	SRR5423293	SRR5423297	12656635	1.000000	0.000000	0.000000	0.000000	0.000000	0.000000	0.000000	0.000000	0.000000	0.000006	0.000001	0.000001	0.000003	0.000000	0.000000	0.000000	0.000000	0.000000	0.000007	0.000000	-15579404.695017	86	-15579414.299098	0.994016	5.077733e-01,1.607313e-01,1.963516e-02,1.622730e-01,9.463681e-02,1.587418e-02,1.941971e-02,1.565882e-02,3.997693e-03	0.412682	0.240444	0.030391	-18555626.674987	6
0	5	SRR5423293	SRR5423298	12655160	1.000000	0.000000	0.000000	0.000000	0.000000	0.000000	0.000000	0.000000	0.000000	0.000003	0.000002	0.000002	0.000003	0.000002	0.000002	0.000000	0.000002	0.000002	0.000004	-0.000000	-15597604.404311	42	-15597610.684477	0.993900	5.091577e-01,1.589960e-01,1.997513e-02,1.616822e-01,9.489779e-02,1.623769e-02,1.909845e-02,1.573474e-02,4.220347e-03	0.411744	0.242257	0.030880	-18555822.904988	6
0	6	SRR5423293	SRR5423299	12649226	1.000000	0.000000	0.000000	0.000000	0.000000	0.000000	0.000000	0.000000	0.000000	0.000003	0.000001	0.000001	0.000002	0.000001	0.000001	0.000000	0.000001	0.000001	0.000003	0.000000	-15568644.564660	46	-15568648.501308	0.993434	5.069659e-01,1.615458e-01,1.962456e-02,1.617525e-01,9.508307e-02,1.596156e-02,1.922786e-02,1.573555e-02,4.103278e-03	0.408616	0.241421	0.031877	-18555335.730782	6
0	7	SRR5423293	SRR5423300	12658356	1.000000	0.000000	0.000000	0.000000	0.000000	0.000000	0.000000	0.000000	0.000000	0.000002	0.000000	0.000000	0.000001	0.000000	0.000000	0.000000	0.000000	0.000000	0.000002	0.000000	-15588552.574988	42	-15588555.278531	0.994151	5.062813e-01,1.626450e-01,1.919534e-02,1.618060e-01,9.543206e-02,1.557083e-02,1.939615e-02,1.570002e-02,3.973269e-03	0.404387	0.242021	0.033387	-18563856.912986	6
0	8	SRR5423293	SRR5423301	12653253	1.000000	0.000000	0.000000	0.000000	0.000000	0.000000	0.000000	0.000000	0.000000	0.000007	0.000002	0.000002	0.000004	0.000002	0.000002	0.000000	0.000002	0.000002	0.000007	-0.000000	-15570416.363308	47	-15570427.045103	0.993750	5.067607e-01,1.621816e-01,1.919864e-02,1.617794e-01,9.537492e-02,1.565304e-02,1.938464e-02,1.573296e-02,3.934011e-03	0.404543	0.242111	0.033343	-18545440.866144	6
0	9	SRR5423293	SRR5423302	12651257	1.000000	0.000000	0.000000	0.000000	0.000000	0.000000	0.000000	0.000000	0.000000	0.000002	0.000001	0.000009	0.000001	0.000001	0.000001	0.000000	0.000001	0.000001	0.000006	-0.000004	-15669998.786068	42	-15670007.402814	0.993594	5.076725e-01,1.585421e-01,2.194807e-02,1.632164e-01,9.265946e-02,1.691548e-02,1.973144e-02,1.513198e-02,4.182617e-03	0.449814	0.234293	0.017251	-18622221.234694	6
1	2	SRR5423294	SRR5423295	12647488	1.000000	0.000000	0.000000	0.000000	0.000000	0.000000	0.000000	0.000000	0.000000	0.000000	0.000003	0.000000	0.000000	0.000000	0.000000	0.000000	0.000000	0.000000	0.000001	0.000001	-15674624.347004	50	-15674625.368626	0.993298	5.108187e-01,1.647977e-01,1.954014e-02,1.543550e-01,9.000686e-02,1.479586e-02,2.368652e-02,1.769903e-02,4.300181e-03	0.480260	0.227938	0.006684	-18612649.632035	6
1	3	SRR5423294	SRR5423296	12656523	1.000000	0.000000	0.000000	0.000000	0.000000	0.000000	0.000000	0.000000	0.000000	0.000000	0.000013	0.000000	0.000000	0.000000	0.000000	0.000000	0.000000	0.000000	0.000007	0.000006	-15672020.967792	58	-15672026.163990	0.994007	5.105827e-01,1.649285e-01,1.962181e-02,1.538619e-01,9.071157e-02,1.461418e-02,2.359240e-02,1.784024e-02,4.246612e-03	0.476391	0.229964	0.008041	-18625382.665567	6
1	4	SRR5423294	SRR5423297	12658748	1.000000	0.000000	0.000000	0.000000	0.000000	0.000000	0.000000	0.000000	0.000000	0.000004	0.000012	0.000004	0.000004	0.000004	0.000004	0.000000	0.000004	0.000004	0.000008	0.000004	-15692687.163509	79	-15692698.200007	0.994182	5.111300e-01,1.637064e-01,2.029558e-02,1.545274e-01,8.970895e-02,1.493112e-02,2.380964e-02,1.760238e-02,4.288475e-03	0.491648	0.227185	0.002826	-18645211.392572	6
1	5	SRR5423294	SRR5423298	12657280	1.000000	0.000000	0.000000	0.000000	0.000000	0.000000	0.000000	0.000000	0.000000	0.000000	0.000001	0.000000	0.000000	0.000000	0.000000	0.000000	0.000000	0.000000	0.000001	0.000001	-15710614.007928	46	-15710614.455217	0.994067	5.114692e-01,1.624946e-01,2.117598e-02,1.543942e-01,8.982681e-02,1.496255e-02,2.405436e-02,1.731462e-02,4.307706e-03	0.503528	0.227758	-0.001199	-18658172.609472	6
1	6	SRR5423294	SRR5423299	12650785	1.000000	0.000000	0.000000	0.000000	0.000000	0.000000	0.000000	0.000000	0.000000	0.000000	0.000008	0.000000	0.000000	0.000000	0.000000	0.000000	0.000000	0.000000	0.000004	0.000004	-15679861.974158	78	-15679865.547767	0.993556	5.103133e-01,1.643950e-01,2.044406e-02,1.539320e-01,9.038059e-02,1.485028e-02,2.368101e-02,1.760814e-02,4.395636e-03	0.488214	0.228863	0.004008	-18643979.885554	7
1	7	SRR5423294	SRR5423300	12660501	1.000000	0.000000	0.000000	0.000000	0.000000	0.000000	0.000000	0.000000	0.000000	0.000001	0.000011	0.000001	0.000001	0.000001	0.000001	0.000000	0.000001	0.000001	0.000006	0.000005	-15701850.927939	74	-15701857.178470	0.994320	5.099928e-01,1.652837e-01,1.981550e-02,1.536432e-01,9.086025e-02,1.469959e-02,2.383553e-02,1.763955e-02,4.229865e-03	0.480419	0.230074	0.006676	-18650960.366265	6
1	8	SRR5423294	SRR5423301	12654818	1.000000	0.000000	0.000000	0.000000	0.000000	0.000000	0.000000	0.000000	0.000000	0.000001	0.000018	0.000001	0.000001	0.000001	0.000001	0.000000	0.000001	0.000001	0.000010	0.000009	-15682233.339461	74	-15682242.508112	0.993873	5.104349e-01,1.649715e-01,1.975328e-02,1.538094e-01,9.065553e-02,1.470668e-02,2.367575e-02,1.766052e-02,4.332493e-03	0.479055	0.229754	0.007132	-18629828.360229	6
1	9	SRR5423294	SRR5423302	12652979	1.000000	0.000000	0.000000	0.000000	0.000000	0.000000	0.000000	0.000000	0.000000	0.000000	0.000010	0.000000	0.000000	0.000000	0.000000	0.000000	0.000000	0.000000	0.000005	0.000005	-15782069.064447	66	-15782072.732497	0.993729	5.113705e-01,1.611267e-01,2.266282e-02,1.551168e-01,8.821360e-02,1.583997e-02,2.412578e-02,1.699478e-02,4.549131e-03	0.530401	0.222837	-0.010207	-18707422.483128	6
2	3	SRR5423295	SRR5423296	12649071	1.000000	0.000000	0.000000	0.000000	0.000000	0.000000	0.000000	0.000000	0.000000	0.000006	0.000002	0.000002	0.000003	0.000001	0.000001	0.000000	0.000001	0.000001	0.000006	0.000000	-15547930.571833	42	-15547939.895915	0.993422	5.078107e-01,1.621698e-01,1.885981e-02,1.611859e-01,9.563423e-02,1.570630e-02,1.900753e-02,1.571792e-02,3.907719e-03	0.395960	0.243563	0.036443	-18513885.312950	6
2	4	SRR5423295	SRR5423297	12651958	1.000000	0.000000	0.000000	0.000000	0.000000	0.000000	0.000000	0.000000	0.000000	0.000002	0.000000	0.000000	0.000001	0.000000	0.000000	0.000000	0.000000	0.000000	0.000002	-0.000000	-15570524.510353	50	-15570526.805489	0.993649	5.084944e-01,1.608742e-01,1.945165e-02,1.619320e-01,9.454122e-02,1.604489e-02,1.899710e-02,1.565474e-02,4.009763e-03	0.406688	0.240591	0.032458	-18533120.571182	6
2	5	SRR5423295	SRR5423298	12649741	1.000000	0.000000	0.000000	0.000000	0.000000	0.000000	0.000000	0.000000	0.000000	0.000001	0.000001	0.000003	0.000001	0.000001	0.000001	0.000000	0.000001	0.000001	0.000002	-0.000001	-15586803.866590	38	-15586807.454804	0.993475	5.078162e-01,1.606579e-01,2.036670e-02,1.628875e-01,9.350580e-02,1.613278e-02,1.922031e-02,1.547547e-02,3.937296e-03	0.423364	0.236879	0.026434	-18553111.312344	6
2	6	SRR5423295	SRR5423299	12642881	1.000000	0.000000	0.000000	0.000000	0.000000	0.000000	0.000000	0.000000	0.000000	0.000002	0.000000	0.000000	0.000001	0.000000	0.000000	0.000000	0.000000	0.000000	0.000002	-0.000000	-15555289.423307	54	-15555291.665510	0.992936	5.076855e-01,1.614753e-01,1.968152e-02,1.613301e-01,9.518238e-02,1.598723e-02,1.892883e-02,1.570310e-02,4.026000e-03	0.405646	0.242129	0.032966	-18531264.215862	6
2	7	SRR5423295	SRR5423300	12652875	1.000000	0.000000	0.000000	0.000000	0.000000	0.000000	0.000000	0.000000	0.000000	0.000002	0.000002	0.000002	0.000001	0.000001	0.000001	0.000000	0.000001	0.000001	0.000003	0.000000	-15577455.813722	42	-15577461.089496	0.993721	5.070134e-01,1.626876e-01,1.910639e-02,1.613963e-01,9.547636e-02,1.567423e-02,1.905294e-02,1.563561e-02,3.957125e-03	0.399673	0.242601	0.035065	-18539920.787811	6
2	8	SRR5423295	SRR5423301	12648119	1.000000	0.000000	0.000000	0.000000	0.000000	0.000000	0.000000	0.000000	0.000000	0.000004	0.000002	0.000002	0.000003	0.000002	0.000002	0.000000	0.000002	0.000002	0.000004	0.000000	-15560389.403430	54	-15560396.705472	0.993347	5.070145e-01,1.627873e-01,1.904706e-02,1.619827e-01,9.480874e-02,1.573392e-02,1.891005e-02,1.570623e-02,4.009528e-03	0.400355	0.240529	0.034616	-18524926.321509	6
2	9	SRR5423295	SRR5423302	12645782	1.000000	0.000000	0.000000	0.000000	0.000000	0.000000	0.000000	0.000000	0.000000	0.000003	0.000002	0.000006	0.000002	0.000002	0.000002	0.000000	0.000002	0.000002	0.000005	-0.000002	-15658831.626824	54	-15658839.545767	0.993164	5.077743e-01,1.590831e-01,2.201495e-02,1.633911e-01,9.224602e-02,1.686545e-02,1.942190e-02,1.504076e-02,4.162396e-03	0.449199	0.233052	0.017392	-18603897.834111	6
3	4	SRR5423296	SRR5423297	12659680	1.000000	0.000000	0.000000	0.000000	0.000000	0.000000	0.000000	0.000000	0.000000	0.000002	0.000001	0.000001	0.000001	0.000000	0.000000	0.000000	0.000000	0.000000	0.000002	-0.000000	-15565409.047297	42	-15565412.123960	0.994255	5.080711e-01,1.602402e-01,1.971344e-02,1.623395e-01,9.526501e-02,1.587546e-02,1.901702e-02,1.556713e-02,3.911140e-03	0.406555	0.242557	0.032695	-18545916.440209	6
3	5	SRR5423296	SRR5423298	12658270	1.000000	0.000000	0.000000	0.000000	0.000000	0.000000	0.000000	0.000000	0.000000	0.000001	0.000000	0.000002	0.000000	0.000000	0.000000	0.000000	0.000000	0.000000	0.000001	-0.000001	-15583362.177989	42	-15583364.437307	0.994144	5.083216e-01,1.595680e-01,2.014606e-02,1.625430e-01,9.463676e-02,1.630717e-02,1.904996e-02,1.543714e-02,3.990330e-03	0.414173	0.240775	0.029910	-18557741.044840	6
3	6	SRR5423296	SRR5423299	12652503	1.000000	0.000000	0.000000	0.000000	0.000000	0.000000	0.000000	0.000000	0.000000	0.000003	0.000001	0.000002	0.000001	0.000000	0.000000	0.000000	0.000000	0.000000	0.000004	-0.000001	-15554402.982376	86	-15554409.196808	0.993691	5.075021e-01,1.611330e-01,1.939069e-02,1.615816e-01,9.574085e-02,1.617658e-02,1.882377e-02,1.552039e-02,4.130984e-03	0.399145	0.243847	0.035377	-18542185.869047	6
3	7	SRR5423296	SRR5423300	12661797	1.000000	0.000000	0.000000	0.000000	0.000000	0.000000	0.000000	0.000000	0.000000	0.000003	0.000001	0.000001	0.000002	0.000001	0.000001	0.000000	0.000001	0.000001	0.000003	0.000000	-15574934.853391	62	-15574939.701194	0.994421	5.065970e-01,1.623011e-01,1.911120e-02,1.618355e-01,9.594801e-02,1.571508e-02,1.901635e-02,1.555258e-02,3.923125e-03	0.397377	0.243813	0.035982	-18554503.510062	6
3	8	SRR5423296	SRR5423301	12656058	1.000000	0.000000	0.000000	0.000000	0.000000	0.000000	0.000000	0.000000	0.000000	0.000005	0.000002	0.000002	0.000003	0.000002	0.000002	0.000000	0.000002	0.000002	0.000005	-0.000000	-15555813.793405	66	-15555822.052904	0.993971	5.071292e-01,1.618303e-01,1.909752e-02,1.618785e-01,9.585223e-02,1.574156e-02,1.890586e-02,1.561058e-02,3.954310e-03	0.396479	0.243859	0.036296	-18533228.294989	6
3	9	SRR5423296	SRR5423302	12654579	1.000000	0.000000	0.000000	0.000000	0.000000	0.000000	0.000000	0.000000	0.000000	0.000002	0.000002	0.000008	0.000002	0.000002	0.000002	0.000000	0.000002	0.000002	0.000005	-0.000003	-15655816.461058	50	-15655824.844069	0.993854	5.079487e-01,1.581397e-01,2.195477e-02,1.633522e-01,9.322957e-02,1.690297e-02,1.927670e-02,1.500008e-02,4.195270e-03	0.442257	0.236248	0.019944	-18612211.102194	6
4	5	SRR5423297	SRR5423298	12660948	1.000000	0.000000	0.000000	0.000000	0.000000	0.000000	0.000000	0.000000	0.000000	0.000005	0.000001	0.000001	0.000003	0.000001	0.000001	0.000000	0.000001	0.000001	0.000006	-0.000000	-15606015.083829	42	-15606022.970978	0.994355	5.085799e-01,1.604513e-01,2.039669e-02,1.614158e-01,9.358946e-02,1.605304e-02,1.990428e-02,1.559302e-02,4.016547e-03	0.430614	0.237649	0.024020	-18582718.557508	6
4	6	SRR5423297	SRR5423299	12654131	1.000000	0.000000	0.000000	0.000000	0.000000	0.000000	0.000000	0.000000	0.000000	0.000005	0.000003	0.000003	0.000004	0.000003	0.000003	0.000000	0.000003	0.000003	0.000005	0.000000	-15573690.748862	38	-15573699.695234	0.993819	5.081607e-01,1.618406e-01,1.944291e-02,1.602916e-01,9.460310e-02,1.614566e-02,1.946549e-02,1.592195e-02,4.128010e-03	0.411280	0.240654	0.030891	-18559619.428980	6
4	7	SRR5423297	SRR5423300	12664190	1.000000	0.000000	0.000000	0.000000	0.000000	0.000000	0.000000	0.000000	0.000000	0.000007	0.000002	0.000002	0.000004	0.000002	0.000002	0.000000	0.000002	0.000002	0.000007	0.000000	-15596668.175303	39	-15596679.225894	0.994609	5.076389e-01,1.626463e-01,1.910072e-02,1.601023e-01,9.527231e-02,1.571520e-02,1.968160e-02,1.589211e-02,3.950604e-03	0.407068	0.242338	0.032497	-18570753.008067	6
4	8	SRR5423297	SRR5423301	12658597	1.000000	0.000000	0.000000	0.000000	0.000000	0.000000	0.000000	0.000000	0.000000	0.000004	0.000001	0.000001	0.000002	0.000001	0.000001	0.000000	0.000001	0.000001	0.000004	0.000000	-15577314.657225	62	-15577320.804551	0.994170	5.077615e-01,1.625659e-01,1.911363e-02,1.605063e-01,9.484440e-02,1.570430e-02,1.961895e-02,1.588789e-02,3.997121e-03	0.408380	0.241091	0.031926	-18552858.852968	6
4	9	SRR5423297	SRR5423302	12656201	1.000000	0.000000	0.000000	0.000000	0.000000	0.000000	0.000000	0.000000	0.000000	0.000002	0.000001	0.000004	0.000001	0.000001	0.000001	0.000000	0.000001	0.000001	0.000003	-0.000002	-15675977.451589	46	-15675982.308118	0.993982	5.086569e-01,1.587950e-01,2.200470e-02,1.618885e-01,9.232992e-02,1.682513e-02,2.002747e-02,1.522712e-02,4.245252e-03	0.455239	0.233884	0.015381	-18629980.716744	6
5	6	SRR5423298	SRR5423299	12653118	1.000000	0.000000	0.000000	0.000000	0.000000	0.000000	0.000000	0.000000	0.000000	0.000006	0.000002	0.000002	0.000004	0.000002	0.000002	0.000000	0.000002	0.000002	0.000006	-0.000000	-15592994.699897	46	-15593004.881927	0.993740	5.077714e-01,1.622871e-01,1.984985e-02,1.599444e-01,9.401749e-02,1.567911e-02,2.019971e-02,1.607545e-02,4.175495e-03	0.425980	0.238602	0.025679	-18580292.910797	6
5	7	SRR5423298	SRR5423300	12662919	1.000000	0.000000	0.000000	0.000000	0.000000	0.000000	0.000000	0.000000	0.000000	0.000005	0.000001	0.000001	0.000003	0.000001	0.000001	0.000000	0.000001	0.000001	0.000005	0.000000	-15614381.362969	62	-15614388.594550	0.994509	5.074424e-01,1.632168e-01,1.922979e-02,1.596586e-01,9.455429e-02,1.544426e-02,2.034143e-02,1.604801e-02,4.064519e-03	0.418503	0.240023	0.028358	-18586374.233891	6
5	8	SRR5423298	SRR5423301	12656683	1.000000	0.000000	0.000000	0.000000	0.000000	0.000000	0.000000	0.000000	0.000000	0.000006	0.000003	0.000001	0.000004	0.000001	0.000001	0.000000	0.000001	0.000001	0.000007	0.000001	-15594674.741887	46	-15594684.950928	0.994020	5.080600e-01,1.626943e-01,1.917460e-02,1.595454e-01,9.457326e-02,1.552765e-02,2.028959e-02,1.605453e-02,4.080663e-03	0.417287	0.240469	0.028814	-18564151.387676	6
5	9	SRR5423298	SRR5423302	12654548	1.000000	0.000000	0.000000	0.000000	0.000000	0.000000	0.000000	0.000000	0.000000	0.000004	0.000004	0.000008	0.000004	0.000004	0.000004	0.000000	0.000004	0.000004	0.000006	-0.000002	-15693268.733906	62	-15693279.682496	0.993852	5.088009e-01,1.589999e-01,2.214656e-02,1.612600e-01,9.168345e-02,1.668357e-02,2.054276e-02,1.566094e-02,4.221974e-03	0.465616	0.231938	0.011763	-18642833.640525	6
6	7	SRR5423299	SRR5423300	12656871	1.000000	0.000000	0.000000	0.000000	0.000000	0.000000	0.000000	0.000000	0.000000	0.000004	0.000001	0.000001	0.000002	0.000001	0.000001	0.000000	0.000001	0.000001	0.000004	0.000000	-15584942.443029	46	-15584948.016220	0.994034	5.069432e-01,1.618604e-01,1.906871e-02,1.608938e-01,9.599712e-02,1.553656e-02,1.960404e-02,1.594770e-02,4.148569e-03	0.402853	0.244323	0.034146	-18568632.379008	6
6	8	SRR5423299	SRR5423301	12650555	1.000000	0.000000	0.000000	0.000000	0.000000	0.000000	0.000000	0.000000	0.000000	0.000006	0.000003	0.000002	0.000004	0.000002	0.000002	0.000000	0.000002	0.000002	0.000006	0.000000	-15564609.806333	38	-15564620.423041	0.993538	5.071046e-01,1.618181e-01,1.900558e-02,1.612674e-01,9.541892e-02,1.569420e-02,1.953940e-02,1.604740e-02,4.104360e-03	0.403955	0.242567	0.033590	-18549916.479530	6
6	9	SRR5423299	SRR5423302	12648728	1.000000	0.000000	0.000000	0.000000	0.000000	0.000000	0.000000	0.000000	0.000000	0.000004	0.000002	0.000007	0.000003	0.000002	0.000002	0.000000	0.000002	0.000002	0.000007	-0.000002	-15664374.236190	54	-15664384.758302	0.993395	5.081232e-01,1.579338e-01,2.188789e-02,1.625587e-01,9.296003e-02,1.685247e-02,1.990210e-02,1.546553e-02,4.316281e-03	0.449548	0.235580	0.017411	-18627321.742493	6
7	8	SRR5423300	SRR5423301	12660151	1.000000	0.000000	0.000000	0.000000	0.000000	0.000000	0.000000	0.000000	0.000000	0.000004	0.000001	0.000001	0.000003	0.000001	0.000001	0.000000	0.000001	0.000001	0.000004	0.000000	-15585834.536404	62	-15585840.838557	0.994292	5.070305e-01,1.614738e-01,1.897177e-02,1.619174e-01,9.605549e-02,1.581891e-02,1.893043e-02,1.578803e-02,4.013687e-03	0.394586	0.244478	0.037015	-18553424.610819	6
7	9	SRR5423300	SRR5423302	12657917	1.000000	0.000000	0.000000	0.000000	0.000000	0.000000	0.000000	0.000000	0.000000	0.000001	0.000001	0.000006	0.000001	0.000001	0.000001	0.000000	0.000001	0.000001	0.000003	-0.000003	-15685021.992691	42	-15685026.687268	0.994117	5.072366e-01,1.582311e-01,2.202211e-02,1.638919e-01,9.301334e-02,1.686762e-02,1.945041e-02,1.511828e-02,4.168673e-03	0.445877	0.235131	0.018640	-18637690.796025	6
8	9	SRR5423301	SRR5423302	12652573	1.000000	0.000000	0.000000	0.000000	0.000000	0.000000	0.000000	0.000000	0.000000	0.000002	0.000002	0.000005	0.000002	0.000002	0.000002	0.000000	0.000002	0.000002	0.000004	-0.000001	-15666258.221352	54	-15666264.782228	0.993697	5.072268e-01,1.585827e-01,2.214617e-02,1.639058e-01,9.256796e-02,1.678743e-02,1.947854e-02,1.518901e-02,4.115569e-03	0.449667	0.233705	0.017269	-18622923.443685	6
